    games  wins  draws  losses  goals for  goals against goal differential
0       4     1      0       3          1             11                10
1       2     0      0       2          2              5                 3
2      13     3      4       6         16             20                 4
3       2     2      0       0          3              1               + 2
4      11     2      5       4         12             16                 4
5       3     0      1       2          0              4                 4
6       1     0      1       0          1              1                 0
7       2     0      0       2          1              7                 6
8      12     0      2      10          9             28                19
9       2     1      0       1          1              3               - 2
10      2     1      0       1          3              3                 0
11      2     0      0       2          1              6                 5
12     10     0      1       9          4             35                31
13      5     2      0       3          6             10                 4
14      5     2      0       3          3              7                 4
15      3     0      2       1          3              7                 4
16      7     1      2       4          4              9                 5
17      4     3      1       0          9              2               + 7
18      5     1      0       4          2             14                12
19      1     1      0       0          2              1               + 1
20      3     0      0       3          1              7                 6
21      5     1      1       3          3              6                 3
22      5     3      0       2         11             14                 3
23      2     0      2       0          1              1                 0
24      1     0      0       1          0              2                 2
25      8     3      2       3         10             11                 1
26      4     1      1       2          4              5                 1
27    127    29     27      69        113            238               125