    adherents  regular attendees % of adherents  monasteries  parishes  average parish size
0      476878             107289          22.5%           20       525                  908
1       10457               4936          47.2%            0        79                  132
2       22362               6857          30.7%            0       101                  221
3         700                185          26.4%            0         2                  350
4        6775                815            12%            0         9                  753
5       74527              27256          36.6%            2       247                  302
6       12377               1952          15.8%            2        30                  413
7       27677               8954          32.4%           10       136                  204
8       68760              15331          22.3%           12       123                  559
9       11203               2158          19.3%            1        31                  361
10       2212                989          44.7%            2        20                  111
11        920                345          37.5%            1         6                  153
12      84928              33797          39.8%           20       551                  154
13     799776             210864          26.4%           70      1860                  430