    rating  share rating / share (18 - 49)  viewers (millions)  rank (overall)
0      5.4      9                  2.6 / 7                9.20              27
1      4.4      7                  2.6 / 6                7.81              34
2      6.6     11                  3.0 / 8               10.60              18
3      6.1     10                  3.1 / 8               10.13              28
4      5.9     10                  3.1 / 8               10.33              26
5      7.2     11                  3.2 / 8               12.42              15
6      7.1     11                 3.8 / 10               11.97              12
7      6.2     10                  2.9 / 8               10.58              18
8      6.1     10                    n / a               10.31              20
9      6.0     10                    n / a               10.27              17
10     6.8      9                  2.0 / 7               10.84              20
11     7.6     10                    n / a               12.49              19