    first game  played  drawn  lost percentage
0         1988       1      0     1      0.00%
1         2001       4      1     3     12.50%
2         2006       1      0     1      0.00%
3         2007       1      0     0    100.00%
4         2000       7      0     7      0.00%
5         2006       1      0     0    100.00%
6         2007       2      0     0    100.00%
7         2006       3      0     3      0.00%
8         2009       1      0     1      0.00%
9         2010       1      0     1      0.00%
10        1986       3      0     3      0.00%
11        2011       2      0     1     50.00%
12        1986      28      1    21     23.21%