         nationality cambridge united career  games  drawn  lost  % won pts / game
0            england             1967 - 1974    201     56    74   35.3       1.34
1            england             1974 - 1978    146     42    36   46.6       1.68
2           scotland             1978 - 1983    251     69    99   33.0       1.27
3            england             1984 - 1985     45     10    29   13.3       0.62
4            england                    1985     45      9    28   17.8       0.73
5            england             1986 - 1990    208     54    75   37.9       1.40
6            england             1990 - 1992    159     46    38   47.2       1.70
7            england                    1992      0      0     0  n / a      n / a
8            england             1992 - 1993     29     10    12   24.1       1.07
9            england             1993 - 1995    135     37    57   30.4       1.19
10           england             1995 - 1996     74     17    29   37.8       1.36
11           england             1996 - 2001    232     68    87   33.2       1.29
12           england                    2001     36     12    15   25.0       1.08
13           england             2001 - 2004    135     37    57   30.4       1.19
14           england                    2004      1      0     1    0.0       0.00
15            france                    2004      8      3     1   50.0       1.88
16            france                    2004     25      7    14   16.0       0.76
17           england                    2004      1      1     0    0.0       1.00
18           england             2004 - 2005     23      8    10   21.7       1.00
19           england             2005 - 2006     53     11    25   32.0       1.17
20           england                    2006      3      2     0   33.3       1.67
21  northern ireland             2006 - 2008     96     20    32   45.8       1.58
22           england             2008 - 2009     54     14    13   50.0       1.76
23           england                    2009      2      0     1   50.0       1.50
24           england             2009 - 2011     87     28    31   32.1       1.29
25           england             2011 - 2012     83     27    27   34.9       1.37
26           england                  2012 -     37     10    14   35.1       1.32