    year  starts  wins  top 5  top 10  poles  avg start  avg finish position
0   1984       5     0      0       0      0       28.8        24.4     53rd
1   1985      28     0      0       3      0       21.3        18.4     16th
2   1986      29     0      0       4      0       23.5        19.5     16th
3   1987      29     0      1      10      1       11.9        16.2     10th
4   1988      29     1      4      17      2        9.7        11.7      5th
5   1989      29     1     10      14      4        7.2        13.2      5th
6   1990      29     0      7      14      3        9.7        15.0     10th
7   1991      29     2     10      18      0       10.4        14.3      9th
8   1992      29     0      4      11      1       12.3        16.2     17th
9   1993      30     0      9      15      6       10.3        15.0      9th
10  1994      31     0      9      18      0       14.2        12.4      4th
11  1995      31     0      2      10      1       17.8        20.7     17th
12  1996      31     0      3      10      0       16.2        17.2     12th
13  1997      32     0      2       8      2       14.1        17.8     10th
14  1998      33     0      3      11      2       17.2        17.9     12th
15  1999      34     0      0       6      1       15.0        20.6     15th
16  2000      34     0      0       2      0       23.2        21.3     18th
17  2001      36     0      0       5      0       22.8        22.3     19th
18  2002      36     0      0       0      0       24.2        27.0     30th
19  2003      32     0      0       2      0       29.7        28.8     36th
20  2004      36     0      0       1      0       29.7        26.6     31st
21  2005      36     0      0       3      0       30.1        25.3     31st
22  2006      36     0      0       2      0       25.6        26.2     31st
23  2007      13     0      0       0      0       27.2        30.7     49th
24  2008      15     0      0       0      0       29.8        31.3     43rd
25  2010       1     0      0       0      0       38.0        18.0     65th
26  2011       7     0      0       0      0       39.0        28.4     38th
27  2012      13     0      0       0      0       39.5        32.8     40th
28  2013       1     0      0       0      0       36.0        32.0     41st