        q >1  q >1.05  q >1.1  q >1.2  q >1.3  q >1.4
0          6        4       4       2       0       0
1         31       17      14       8       3       1
2        120       74      50      22       8       3
3        418      240     152      51      13       6
4       1268      667     379     102      29      11
5       3499     1669     856     210      60      17
6       8987     3869    1801     384      98      25
7      22316     8742    3693     706     144      34
8      51677    18233    7035    1159     218      51
9     116978    37612   13266    1947     327      64
10    252856    73714   23773    3028     455      74
11    528275   139762   41438    4519     599      84
12   1075319   258168   70047    6665     769      98
13   2131671   463446  115041    9497     998     112
14   4119410   812499  184727   13118    1232     126
15   7801334  1396909  290965   17890    1530     143
16  14482065  2352105  449194   24013    1843     160