    first game  played  drawn  lost percentage
0         2006       3      0     0    100.00%
1         2005       2      0     0    100.00%
2         1994       2      0     2      0.00%
3         2008       3      0     0    100.00%
4         2010       1      0     0    100.00%
5         1998       4      0     4      0.00%
6         1997       4      0     1     75.00%
7         1998       4      0     3     25.00%
8         2005       3      0     0    100.00%
9         1997       2      0     2      0.00%
10        1994       4      0     4      0.00%
11        1998       1      0     1      0.00%
12        1994      39      0    21     46.15%