     year  indians admitted  pakistanis admitted  sri lankans admitted  bangladeshis admitted  nepalis admitted
0    2000             26122                14201                  5849                   2715               247
1    2001             27901                15353                  5520                   3393               273
2    2002             28838                14173                  4968                   2615               418
3    2003             24595                12351                  4448                   1896               440
4    2004             25573                12793                  4134                   3374               594
5    2005             22141                13575                  4690                   3940               714
6    2006             30746                12329                  4490                   3838               640
7    2007             26047                 9545                  3934                   2735               564
8    2008             24548                 8051                  4508                   2716               639
9    2009             26117                 6213                  4270                   4270               627
10   2010             30252                 4986                  4181                   4364              1502
11   2011             24965                 6073                  3104                   2449              1249
12   2012             28943                 9931                  3152                   2449              1311
13  total            346788               139574                 57248                  35856              9218