         season  games  lost  points  goalsfor  goalsagainst
0     1997 - 98     70    47      41       215           332
1     1998 - 99     70    44      44       208           297
2   1999 - 2000     72    31      72       257           285
3     2000 - 01     72    23      90       283           255
4     2001 - 02     72    25      85       288           231
5     2002 - 03     72    14     108       319           213
6     2003 - 04     70    42      49       195           285
7     2004 - 05     70    37      57       208           280
8     2005 - 06     70    38      62       249           285
9     2006 - 07     70    26      79       304           285
10    2007 - 08     70    19      96       249           210
11    2008 - 09     68    37      53       206           297
12    2009 - 10     68    40      49       187           297
13    2010 - 11     68    46      34       151           266
14    2011 - 12     68    34      63       217           241