    year ended  passengers flown  employees (average / year) net profit / loss (sek) basic eps (sek)
0         2010          25200000                       14801            - 2218000000          - 7.79
1         2009          24900000                       18786            - 2947000000         - 18.20
2         2008          29000000                       24635            - 6360000000          - 6.29
3         2007          29200000                       26538              1234000000            3.87
4         2006          38609000                       26554              4936000000           28.10
5         2005          36312000                       32363               418000000            1.06
6         2004          32400000                       32481            - 1813000000         - 11.38
7         2003          31004000                       34544            - 2221000000          - 8.60
8         2002          33254000                       35506             - 736000000          - 0.81
9         2001          35640000                       31035            - 1140000000          - 6.58
10        2000          23240000                       30939              2273000000           11.79
11        1999          21991000                       30310              1846000000            8.41