           year  births (000s)  deaths  natural growth total fertility rate
0          1990           0.70    0.40            0.30                 1.58
1          1991           2.40    1.85            0.55                 1.31
2          1992           3.40    2.70            0.70                 1.33
3          1993           4.60    3.30            1.30                 1.52
4          1994           5.80    4.00            1.80                 1.65
5          1995           6.75    4.60            2.15                 1.72
6          1996           7.50    5.00            2.50                 1.70
7          1997           8.20    5.40            2.80                 1.71
8          1998           8.90    5.90            3.00                 1.71
9          1999           9.30    6.30            3.00                 1.63
10         2000          10.10    6.70            3.40                 1.62
11         2001          10.30    6.90            3.40                 1.56
12         2002          10.60    7.20            3.40                 1.55
13         2003          11.10    7.25            3.85                 1.60
14         2004          10.90    7.40            3.50                 1.55
15         2005          11.00    7.60            3.40                 1.55
16         2006          11.20    7.60            3.60                   na
17         2007          10.30    7.80            2.50                   na
18         2008          11.60    7.80            3.80                   na
19         2009          11.70    7.60            4.10                   na
20  1990 - 2009         166.40  113.30           53.10                   na