             state preliminary average   interview    swimsuit evening gown semifinal average
0         nebraska           8.450 (5)  7.938 (10)  7.489 (11)    7.832 (8)        7.753 (10)
1          arizona           8.317 (8)   8.950 (4)   8.670 (4)    8.701 (2)         8.774 (2)
2   south carolina           9.086 (1)   9.082 (1)   9.097 (1)    9.567 (1)         9.249 (1)
3        minnesota          8.083 (12)  7.858 (11)  7.031 (12)   7.518 (12)        7.469 (12)
4            texas           8.503 (4)  7.417 (12)   8.008 (9)   7.703 (10)        7.709 (11)
5          florida           8.924 (3)   9.029 (2)   8.953 (2)    8.313 (4)         8.765 (3)
6          alabama           8.334 (7)   8.822 (5)   8.775 (3)    8.268 (5)         8.621 (4)
7       new mexico           8.998 (2)   8.804 (6)   8.438 (5)    7.968 (7)         8.403 (6)
8         maryland           8.344 (6)   8.498 (7)   8.167 (8)    8.176 (6)         8.280 (7)
9    new hampshire          8.104 (11)   8.029 (9)  7.826 (10)   7.625 (11)         7.827 (9)
10        kentucky           8.247 (9)   8.989 (3)   8.347 (6)    8.457 (3)         8.598 (5)