   rank                  champion        runner - up               third place fourth place  total
0     1  3 ( 2009 , 2010 , 2011 )                  0                1 ( 2012 )            0      4
1     2                1 ( 2012 )                  0                         0   1 ( 2011 )      2
2     2                1 ( 2013 )                  0                         0            0      1
3     4                         0  2 ( 2010 , 2012 )  3 ( 2009 , 2011 , 2013 )            0      5
4     5                         0  2 ( 2009 , 2011 )                1 ( 2010 )            0      3
5     6                         0         1 ( 2013 )                         0            0      1
6     7                         0                  0                         0   1 ( 2009 )      1
7     7                         0                  0                         0   1 ( 2010 )      1
8     7                         0                  0                         0   1 ( 2012 )      1
9     7                         0                  0                         0   1 ( 2013 )      1