    draw televotes televote points jury points  total final points
0      1      1531               0           0      0            0
1      2      2292               0           1      1            0
2      3      3467               3           6      9            4
3      4      7517               7           2      9            7
4      5       947               0           0      0            0
5      6      2203               0           0      0            0
6      7      9865               8          12     20           10
7      8      2757               1           0      1            0
8      9      1409               0           4      4            1
9     10      3180               2           0      2            0
10    11      4441               5           0      5            2
11    12      5358               6           3      9            6
12    13      1187               0           0      0            0
13    14      1986               0           7      7            3
14    15     16225              12          10     22           12
15    16      1692               0           0      0            0
16    17      1650               0           0      0            0
17    18      3909               4           5      9            5
18    19      2191               0           0      0            0
19    20     15560              10           8     18            8
20    21      1242               0           0      0            0
21    22      1079               0           0      0            0
22    23      1659               0           0      0            0
23    24     n / a           n / a       n / a  n / a        n / a
24    25       672               0           0      0            0