    games  first  last  gold  silver  bronze  total best finish (first / last)
0      15   1990  2013    10       5       0     15        1st ( 1990 / 2012 )
1      15   1990  2013     5      10       0     15        1st ( 2005 / 2013 )
2      15   1990  2013     0       0      10     10        3rd ( 1990 / 2011 )
3      15   1990  2013     0       0       2      2        3rd ( 2005 / 2007 )
4      12   1997  2013     0       0       2      2        3rd ( 2001 / 2013 )
5      12   1990  2013     0       0       1      1               3rd ( 2012 )
6      11   1992  2009     0       0       0      0        4th ( 1994 / 1997 )
7      11   1990  2013     0       0       0      0        5th ( 2001 / 2013 )
8       4   1990  1997     0       0       0      0        6th ( 1990 / 1994 )
9       4   2001  2011     0       0       0      0               6th ( 2009 )
10      5   1990  2009     0       0       0      0               7th ( 2008 )
11      2   2011  2012     0       0       0      0               7th ( 2011 )
12      1   1992  1992     0       0       0      0               7th ( 1992 )
13      1   2013  2013     0       0       0      0               8th ( 2013 )