    games  wins  draws  losses  goals for  goals against goal differential
0       2     0      1       1          1              4                 3
1       2     1      0       1          3              3                 0
2       1     0      1       0          1              1                 0
3       1     1      0       0          1              0               + 1
4       2     0      0       2          0              2                 2
5       3     0      2       1          0              2                 2
6       7     3      1       3          9             11                 2
7      13     3      4       6         11             20                 9
8       3     0      1       2          1              9                 8
9       7     4      2       1          8              3               + 5
10     10     2      3       5         12             18                 6
11      1     0      0       1          0              3                 3
12      1     0      0       1          0              1                 1
13      2     0      1       1          0              1                 1
14      4     1      0       3          5             10                 5
15      4     1      1       2          7             12                 5
16      2     0      0       2          2              4                 2
17      2     1      0       1          3              2               + 1
18      1     1      0       0          5              0               + 5
19      2     0      0       2          0              7                 7
20      6     1      1       4          5             12                 7
21      4     0      1       3          2             10                 8
22      1     0      0       1          0              2                 2
23      2     1      0       1          2              2                 0
24      2     0      2       0          2              2                 0
25      2     0      1       1          1              3                 2
26     90    21     23      46         85            148                63