    year  starts  wins  top 5  top 10  poles  avg start  avg finish  winnings position
0   1986       3     0      0       0      0       27.3        25.0      4255     61st
1   1990       1     0      0       0      0       33.0        35.0      2825     96th
2   1991       2     0      0       0      0       38.5        36.0      8505     64th
3   1992       2     0      0       0      0       35.0        25.5     11050     59th
4   1993       1     0      0       0      0       36.0        35.0      5180     80th
5   1994       1     0      0       0      0       38.0        31.0      9550     72nd
6   1996       5     0      0       0      0       13.0        19.4     65850     47th
7   1997      31     0      0       3      2       22.1        26.2    900569     30th
8   1998      30     0      4       9      0       18.6        20.2   1518901     21st
9   1999      34     0      5      14      2       13.8        16.6   2499877     10th
10  2000      34     0      1      11      1       14.5        17.2   2205320     12th
11  2001      23     0      0       1      0       20.9        25.2   1921186     40th
12  2002      36     0      0       1      0       22.9        27.8   2094232     31st
13  2003      26     0      0       0      1       23.2        29.5   1782804     39th
14  2004       1     0      0       0      0       43.0        22.0    251813     77th
15  2005      10     0      0       0      0       27.6        38.1    969109     49th
16  2006       4     0      0       0      0       33.0        39.0    348216     57th
17  2007       1     0      0       0      0       14.0        24.0     98575     65th
18  2008      11     0      0       0      0       26.5        32.1    879897     48th
19  2009       5     0      0       0      0       35.6        41.0    493416     55th
20  2011      21     0      0       0      0       37.0        39.5   1636827   59th 1
21  2012       4     0      0       0      0       40.0        40.8    340850     53rd