    first game  played  drawn  lost percentage
0         1994       1      0     1      0.00%
1         1991       2      0     2      0.00%
2         1998       9      0     0    100.00%
3         1994       3      0     2     33.33%
4         2002       1      0     1      0.00%
5         2005       6      0     6      0.00%
6         2002       2      0     1     50.00%
7         2000       1      0     0    100.00%
8         2007       3      0     0    100.00%
9         1991       2      0     1     50.00%
10        1991      33      0    16     51.52%