    first game  played  drawn  lost percentage
0         2001       4      1     0     87.50%
1         2004       1      0     0    100.00%
2         1997       1      0     1      0.00%
3         2007       2      0     0    100.00%
4         1997       3      0     3      0.00%
5         1996       7      0     7      0.00%
6         1993       4      0     3     25.00%
7         2007       1      0     0    100.00%
8         1992      17      0    16      5.89%
9         2003       3      0     0    100.00%
10        2010       1      0     1      0.00%
11        1996       2      0     2      0.00%
12        1998       2      0     2      0.00%
13        1989      10      0     7     30.00%
14        1989      62      1    45     26.61%