    wins  draws  losses goal difference  total
0      0      0       2             2:4      2
1      1      0       0             2:0      1
2      1      0       0             1:0      1
3      1      2       1             5:7      4
4      0      0       1             0:1      1
5      0      2       0             3:3      2
6      0      3       1             4:7      4
7      1      1       0             2:1      2
8      1      1       0             5:4      2
9      0      2       0             0:0      2
10     0      0       2             1:4      2
11     0      0       1             0:2      1
12     1      0       0             3:0      1
13     1      0       1             3:3      2
14     1      0       1             4:3      2
15     0      0       1             0:4      1
16     0      1       0             1:1      1
17     0      0       1             1:2      1
18     1      0       1             1:2      2
19     2      0       1             4:3      3
20    14     11      13           44:46     38