    season  overall slalom  giant slalom      super g downhill combined
0     1980       84      -            32      not run        -        -
1     1981       26     15            23      not run        -        -
2     1982        6      8             3      not run        -        -
3     1983        4      7             6  not awarded        -        3
4     1984        3      1             4  not awarded        -       34
5     1985        1      1             1  not awarded       19        -
6     1986        1     11             5            3        4        2
7     1987        2     28             5            2       10        -
8     1988        5     23            13            4        7        -
9     1989        1      3             5            5        1        1
10    1990       25     15            12            -        -        -
11    1991        1      1             3           10       28        1
12    1992        3     12             7            2       13       11
13    1993        1     13             3            5        6        1
14    1994        2     29            19            2        1        -
15    1995        4      9            18           10       24        1
16    1996       22     20            23           51       47        2
17    1997      115     58            49            -        -        -