     rank  gold  silver  bronze total
0       1    18      11      10    39
1       2    12      12       7    31
2       3     5       3       3    11
3       4     4       2       2     8
4       5     2       3       1     6
5       6     2       2       2     6
6       7     2       1       2     5
7       8     2       1       1     4
8       9     2       1       1     4
9      10     1       1       3     5
10     11     1       0       6     7
11     13     1       2       3     6
12     14     1       0       1     2
13     15     1       0       0     1
14     17     0       4       4     8
15     18     0       4       3     7
16     19     0       3       0     3
17     20     0       1       1     2
18     24     0       1       0     1
19     25     0       0       1     1
20  total    55      55      55  165'