           country  year    total  hydroelectricity  wind power biomass and waste    solar
0            china  2011  797.400           687.100      73.200                34   3.0000
1   european union  2010  699.300           397.700     149.100             123.3  23.1000
2    united states  2011  520.100           325.100     119.700              56.7   1.8100
3           brazil  2011  459.200           424.300       2.710              32.2   0.0002
4           canada  2011  399.100           372.600      19.700               6.4   0.4300
5           russia  2010  166.600           163.300       0.004               2.8   0.0000
6            india  2011  162.000           131.000      26.000                 4   1.0000
7          germany  2012  136.100            21.200      45.300              40.9  28.0000
8           norway  2011  121.400           119.600       1.290              0.48   0.0200
9            japan  2011  116.400            82.500       4.350              23.1   3.8000
10           italy  2012   89.759            43.256      13.333      9.281 (2010)  18.6370