    first game  played  drawn  lost percentage
0         1998       1      0     1      0.00%
1         2010       1      0     0    100.00%
2         1991       2      0     2      0.00%
3         1991      14      1    12      7.14%
4         2011       1      0     0    100.00%
5         1989      18      0    13     27.78%
6         1996       2      0     0    100.00%
7         1997       9      0     4     55.55%
8         1991      11      0     2     81.82%
9         1991       2      0     0    100.00%
10        2006       1      0     0    100.00%
11        1996       5      0     0    100.00%
12        1997       2      0     0    100.00%
13        2006       2      0     0    100.00%
14        1997      16      0    11     31.25%
15        2004       5      0     1     80.00%
16        1998       2      0     2      0.00%
17        1998       9      1     2     66.67%
18        1989     104      2    51     49.04%