     year  starts  cuts made  wins  top 10  top 25  earnings money list rank
0    1994       1          0     0       0       0         0         n / a 1
1    1995       1          1     0       0       0      4200         n / a 1
2    1996       2          1     0       0       0      6944         n / a 1
3    1997       1          1     0       0       0      8689         n / a 1
4    1998      22         11     0       1       5     83823             104
5    1999      24         15     0       2       8    222783              50
6    2000      13          5     0       2       3     68199             145
7    2001      17         10     0       2       4    174011             108
8    2002      20          8     0       1       2     83347             152
9    2003       2          1     0       0       0      1773         n / a 1
10   2004       5          3     0       1       1     28817         n / a 1
11   2005       7          5     0       1       2     42845         n / a 1
12   2006      17         11     2       4       8   1173177              16
13   2007      31         26     0       1       9    717910              46
14   2008      26         20     1       8      15   1218209              12
15   2009      22         17     0       3       8    847844              34
16   2010      15         10     0       2       7    393449              74
17   2011      30         17     0       2       8    329262              94
18   2012      25         19     1       2       6    926062              32
19   2013      14          5     0       1       5    150643             104
20  total     295        189     4      33      91   6481987              57