              year  2010  2009  2008  2005  2000  1995  1990  1985
0   mainland china   100   100   100   100   100   100   100   100
1         shanghai   253   270   282   350   382   352   360   444
2          beijing   253   275   282   324   307   252   282   308
3          tianjin   243   244   247   266   221   194   212   253
4          jiangsu   176   173   169   174   150   145   128   123
5         zhejiang   172   171   175   191   171   162   130   124
6   inner mongolia   158   155   147   115    83    75    90    94
7        guangdong   149   154   159   174   162   161   151   120
8         liaoning   141   137   134   134   142   136   164   165
9         shandong   137   140   139   141   119   113   110   103
10          fujian   133   131   126   129   142   129   107    86
11           jilin   105   104    99    94    94    87   106   101
12           hebei    96    96    97   103    97    88    89    84
13           hubei    93    89    84    81    80    73    94    93
14       chongqing    92    90    86    87    80    78    72    73
15         shaanxi    90    86    83    75    63    59    75    70
16    heilongjiang    90    88    92   102   106   107   123   124
17         ningxia    90    85    83    73    68    68    85    86
18          shanxi    88    84    91    89    73    70    93    98
19        xinjiang    83    78    84    92    94    93   104    96
20           hunan    82    80    77    74    69    67    75    73
21           henan    81    80    81    80    69    65    66    68
22         qinghai    80    76    78    71    65    70    95    94
23          hainan    79    75    75    79    87   100    95    85
24         jiangxi    71    68    67    67    62    57    69    70
25         sichuan    71    68    65    64    63    60    69    66
26           anhui    70    64    61    61    61    61    72    75
27         guangxi    67    63    62    61    59    65    65    55
28           tibet    58    60    58    64    58    47    78   104
29           gansu    54    52    52    53    53    46    67    71
30          yunnan    52    53    53    55    61    61    74    57
31         guizhou    44    43    42    38    35    36    49    49